3,
5,
6,
8,
11,
13,
14,
15,
16,
17,
21,
22,
25,
27,
28,
29,
30,
31,
32,
33,
35,
40,
41,
45,
47,
51,
53,
54,
55,
56,
57,
58,
60,
61,
64,
71,
73,
75,
78,
79,
80,
84,
87,
88,
89,
90,
91,
92,
93,
95,
97,
100,
101,
102,
103,
104,
110,
115,
117,
118,
119,
120,
122,
123,
124,
125,
126,
129,
134,
135,
136,
137,
138,
141,
142,
145,
147,
149,
150,
151,
153,
156,
158,
159,
162,
165,
168,
173,
174,
176,
177,
178,
184,
185,
186,
191,
194,
198,
199,
200,
203,
205,
206,
208,
209,
214,
216,
217,
218,
221,
223,
224,
228,
229,
230,
231,
232,
233,
237,
240,
243,
244,
249,
253,
254,
258,
259,
260,
261,
262,
264,
266,
267,
274,
275,
276,
281,
286,
287,
289,
290,
292,
296,
297,
298,
299,
300,
301,
303,
305,
306,
307,
308,
311,
312,
314,
315,
318,
320,
322,
324,
325,
327,
328,
331,
332,
333,
335,
337,
338,
339,
340,
342,
344,
345,
346,
347,
350,
353,
354,
358,
361,
363,
364,
366,
367,
369,
370,
372,
376,
377,
378,
380,
384,
385,
386,
388,
389,
391,
394,
395